<?xml version="1.0"?>
<opencv_storage>
<calibration_time>"Tue Oct 20 17:38:32 2020"</calibration_time>
<image_width>3280</image_width>
<image_height>2464</image_height>
<flags>1</flags>
<camera_matrix type_id="opencv-matrix">
  <rows>3</rows>
  <cols>3</cols>
  <dt>d</dt>
  <data>
    2.5722745050901103e+03 0.                     1.6553767282038614e+03
    0.                     2.5725450091994112e+03 1.2348696487205043e+03
    0.                     0.                     1.
</data></camera_matrix>
<distortion_coefficients type_id="opencv-matrix">
  <rows>1</rows>
  <cols>5</cols>
  <dt>d</dt>
  <data>
    2.1564236926604635e-01 -5.4547230578409556e-01
    8.6938763197452054e-05 -1.7760781319225568e-04
    3.9697460218034508e-01</data></distortion_coefficients>
<avg_reprojection_error>3.3178606207465694e-01</avg_reprojection_error>
<camera_rotation type_id="opencv-matrix">
  <rows>3</rows>
  <cols>1</cols>
  <dt>d</dt>
  <data>
    <!--2.61462 1.338 -0.130517-->
    <!--2.61577 1.33855 -0.146625-->
    <!-- 2.59235 1.32298 -0.168172-->
    <!--2.59732 1.32543 -0.162009  MxOsU.jpg calibrated for series: 3YIsz/ -->
    <!-- 2.58815 1.36692 -0.188184 MxOsU.jpg calibrated for series: 3YIsz/ with rotated provided marker pos -->
    <!--2.5901 1.3297 -0.159254-->
    <!-- 2.55733 1.37926 -0.176796 VHpPk.jpg calibrated for series  -->
    2.80802 0.721309 -0.268025
  </data>
</camera_rotation>
<camera_translation type_id="opencv-matrix">
  <rows>3</rows>
  <cols>1</cols>
  <dt>d</dt>
  <data>
    <!--534.724 -393.851 2582.67-->
    <!--550.867 -370.607 2581.53-->
    <!--617.324 -412.723 2560.95-->
    <!--602.169 -405.804 2565.11  MxOsU.jpg calibrated for series: 3YIsz/ -->
    <!-- 633.227 -345.84 2566.42  MxOsU.jpg calibrated for series: 3YIsz/ with rotated provided marker pos -->
    <!-- 606.692 -414.11 2563.36 -->
    <!-- 601.486 -405.221 2558.63 VHpPk.jpg calibrated for series  -->
    612.939 -383.181 2559
  </data>
</camera_translation>
</opencv_storage>
