<?xml version="1.0"?>
<opencv_storage>
<!--
     There are six markers:
     marker 0, marker 1, marker 2, marker 3, marker 4, and marker 5

     They are ordered in counter clockwise order starting with the
     marker to the left (negative X-direction) of the two A-markers
     (along the side that faces towards the A-anchor):

     We want the positions of the (centers of the) markers,
     expressed in the global coordinate system,
     (that is the XYZ-one that the slicer uses),
     measured when the nozzle is placed at the origin.

     The marker positions in this file were computed with
     the help of hp-mark/find-marker-positions/solve.py
     Run/study that script if you don't know how to find your
     marker positions.

     Run the script twice, once for the effector marker positions,
     and once for the bed marker positions, if you have those.
-->
<effector_markers type_id="opencv-matrix">
  <rows>6</rows>
  <cols>3</cols>
  <dt>d</dt>
  <data>
<!-- New bigger markers changed Z -->
    <!--  -58.301 -119.240  136.0 -->
    <!--   61.676 -119.240  136.0 -->
    <!--  152.750  -21.920  136.0 -->
    <!--   47.278  167.238  136.0 -->
    <!--  -49.617  168.020  136.0 -->
    <!-- -173.701  -41.492  136.0 -->

<!--  -55.714 -119.784  136.0   Marker 0 -->
<!--   64.481 -119.784  136.0   Marker 1 -->
<!--  153.839  -21.430  136.0   Marker 2 -->
<!--   46.733  166.138  136.0   Marker 3. Lowered from 47.533 -->
<!--  -49.623  168.084  136.0   Marker 4 -->
<!-- -171.667  -42.925  136.0   Marker 5 -->

    <!-- Moved xy around to center make xy=0 when at home -->
    <!-- And fine tuned to give low projection error with ./images/As8G2.jpg -->
    <!-- -64.214  -117.784   136.000 -->
   -61.614  -118.584   136.000
    58.981  -118.784   136.000
   148.339   -20.430   136.000
    <!-- 41.233   165.138   136.000 -->
    40.933   167.238   136.000
   -55.123   169.084   136.000
  -177.167   -41.925   136.000


<!-- -55.727 -119.783  136.0  Marker 0 -->
<!--  64.471 -119.783  136.0  Marker 1 -->
<!-- 153.834  -21.428  136.0  Marker 2 -->
<!--  47.504  166.127  136.0  Marker 3 -->
<!-- -49.629  168.097  136.0  Marker 4 -->
<!---171.660  -42.887  136.0  Marker 5 -->


<!--   -56.633  -118.73   136.16 Marker 0 -->
<!--    63.338  -117.72   135.56 Marker 1 -->
<!--   153.58    -19.633  134.41 Marker 2 -->
<!--    46.509   168.62   133.54 Marker 3 -->
<!--   -50.387   168.58   134.00 Marker 4 -->
<!--  -172.69    -41.964  136.15 Marker 5 -->

    <!-- Manually adjusted to make 0 into 0 with bed-reference option enabled -->
    <!-- -66.133 -111.730  130.16 -->
    <!--  53.838 -110.720  129.56 -->
    <!-- 144.080  -12.633  128.41 -->
    <!--  37.009  175.620  127.54 -->
    <!-- -59.887  175.580  128.00 -->
    <!---182.190  -34.964  130.15 -->
  </data>
  <marker_diameter>90.0</marker_diameter>
  <marker_type>disk</marker_type>
</effector_markers>

<bed_markers type_id="opencv-matrix">
  <rows>6</rows>
  <cols>3</cols>
  <dt>d</dt>
  <data>
<!-- -241.536 -299.543    0.008 Marker 0 -->
<!--   84.464 -299.543    0.008 Marker 1 -->
<!--  322.559  -27.988    0.008 Marker 2 -->
<!--  205.284  377.828    0.008 Marker 3 -->
<!-- -133.732  435.505    0.008 Marker 4 -->
<!-- -425.225  227.865    0.008 Marker 5 -->

    <!-- Rotated in octave:
      > rotz = @(angle) [cosd(angle) -sind(angle) 0; sind(angle) cosd(angle) 0; 0 0 1];
      > (rotz(-15.747)*moved')' -->

    -313.76401  -222.75052     0.00000
       0.00027  -311.22346     0.00000
     302.85757  -114.47698     0.00000
    300.11835   307.93578     0.00000
     -10.52182   455.45402     0.00000
    -347.42648   334.71509     0.00000
  </data>
  <marker_diameter>90.0</marker_diameter>
  <marker_type>disk</marker_type>
</bed_markers>

</opencv_storage>
