<?xml version="1.0"?>
<opencv_storage>
<!--
     There are six markers:
     marker 0, marker 1, marker 2, marker 3, marker 4, and marker 5

     They are ordered in counter clockwise order starting with the
     marker to the left (negative X-direction) of the two A-markers
     (along the site that faces towards the A-anchor):

     We want the positions of the (centers of the) markers,
     expressed in the global coordinate system,
     (that is the XYZ-one that the slicer uses),
     measured when the nozzle is placed at the origin.

     The marker positions in this file were computed with
     the help of hp-mark/find-marker-positions/solve.py
     Run/study that script if you don't know how to find your
     marker positions.
-->
<marker_positions type_id="opencv-matrix">
  <rows>6</rows>
  <cols>3</cols>
  <dt>d</dt>
  <data>
<!-- Non-rotated -->
<!--  -55.925 -120.530  162.885  Marker 0 -->
<!--   64.559 -120.530  162.885  Marker 1 -->
<!--  151.832  -14.940  162.885  Marker 2 -->
<!--   49.327  166.518  162.885  Marker 3 -->
<!--  -48.645  167.742  162.885  Marker 4 -->
<!-- -170.010  -41.238  162.885  Marker 5 -->

<!-- Rotated SET 2 -->
<!-- -51.036     -119.51      165.22 -->
<!--  69.389     -115.87      164.27 -->
<!--  153.42     -7.7095       161.9 -->
<!--  45.459      170.55      159.81 -->
<!-- -52.503      168.81      160.57 -->
<!-- -167.47     -43.714      164.86 -->

<!-- Rotated SET 4 -->
<!-- -47.463     -121.54      164.81 -->
<!--  72.903     -117.13      161.84 -->
<!--  156.21     -8.4208      159.17 -->
<!--  47.141      169.16       160.8 -->
<!-- -50.781       166.8       163.2 -->
<!-- -164.35     -46.482      167.22 -->

<!-- New non-rotated. Fiddled each xy value manually until reproj error is low -->
<!--  -54.925 -119.530  162.885  Marker 0 -->
<!--   64.559 -119.530  162.885  Marker 1 -->
<!--  150.832  -15.940  162.885  Marker 2 -->
<!--   48.327  165.518  162.885  Marker 3 -->
<!--  -48.645  166.742  162.885  Marker 4 -->
<!-- -171.010  -42.238  162.885  Marker 5 -->

<!-- New new non-rotated. Actually measured and not fiddled with -->
<!-- -58.473 -119.251  164.003  Marker 0 -->
<!--  61.553 -119.251  164.003  Marker 1 -->
<!-- 148.949  -15.572  164.003  Marker 2 -->
<!--  47.250  167.162  164.003  Marker 3 -->
<!-- -49.773  168.102  164.003  Marker 4 -->
<!---173.742  -41.445  164.003  Marker 5 -->
<!--  -58.473 -119.251  0  Marker 0 -->
<!--   61.553 -119.251  0  Marker 1 -->
<!--  148.949  -15.572  0  Marker 2 -->
<!--   47.250  167.162  0  Marker 3 -->
<!--  -49.773  168.102  0  Marker 4 -->
<!-- -173.742  -41.445  0  Marker 5 -->

<!-- New bigger markers -->
<!--  -58.301 -119.240  164.045  Marker 0 -->
<!--   61.676 -119.240  164.045  Marker 1 -->
<!--  152.750  -21.920  164.045  Marker 2 -->
<!--   47.278  167.238  164.045  Marker 3 -->
<!--  -49.617  168.020  164.045  Marker 4 -->
<!-- -173.701  -41.492  164.045  Marker 5 -->

<!-- Rotated using demo numbers -->
<!--  -48.34     -123.23      164.33 -->
<!--  71.473     -117.94      160.98 -->
<!--  158.16     -16.707      159.47 -->
<!--  44.551      167.61      164.43 -->
<!-- -52.246      164.12      167.15 -->
<!-- -166.99     -50.646      168.39 -->

<!-- Rotated values for HP4pt2 -->
  -54.083  -127.96  158.84
   65.733  -130.81  153.3
  159.27    -35.874 155.14
   58.978   155.36  171.76
  -37.765   158.44  176.28
 -167.26    -47.644 169

  </data></marker_positions>
<marker_diameter>90.0</marker_diameter>
<marker_type>disk</marker_type>
<topleft_marker_center type_id="opencv-matrix">
  <rows>1</rows>
  <cols>2</cols>
  <dt>d</dt>
  <data>
    0 0
  </data>
</topleft_marker_center>
</opencv_storage>
